80 155
124 142
167 136
211 136
254 142
298 155
51 293
317 293
91 371
110 405
130 432
149 451
169 462
188 466
208 462
228 451
247 432
267 405
287 371
96 242
110 234
124 230
138 230
153 234
167 242
96 262
110 254
124 250
138 250
153 254
167 262
96 272
110 282
124 286
138 286
153 282
167 272
215 236
227 228
240 224
253 224
265 228
278 236
215 256
227 248
240 244
253 244
265 248
278 256
215 266
227 276
240 280
253 280
265 276
278 266
141 360
152 346
163 334
174 326
185 322
196 320
207 322
218 326
229 334
240 346
251 360
196 270
196 284
196 298
196 312
196 326
196 340
137 389
159 373
181 365
204 365
226 373
249 389
137 394
159 394
181 394
204 394
226 394
249 394
137 404
159 417
181 423
204 423
226 417
249 404
0 0
183 0
366 0
366 250
366 499
183 499
0 499
0 250
