66 146
112 133
157 127
203 127
248 133
294 146
32 294
318 294
72 382
94 416
115 443
137 462
158 473
180 477
202 473
223 462
245 443
266 416
288 382
77 235
91 227
106 223
121 223
135 227
150 235
77 255
91 247
106 243
121 243
135 247
150 255
77 265
91 275
106 279
121 279
135 275
150 265
208 236
221 228
234 224
246 224
259 228
272 236
208 256
221 248
234 244
246 244
259 248
272 256
208 266
221 276
234 280
246 280
259 276
272 266
128 340
139 326
150 314
161 306
172 302
183 300
194 302
205 306
216 314
227 326
238 340
183 250
183 264
183 278
183 292
183 306
183 320
120 385
144 369
167 361
191 361
214 369
238 385
120 390
144 390
167 390
191 390
214 390
238 390
120 400
144 413
167 419
191 419
214 413
238 400
0 0
183 0
366 0
366 250
366 499
183 499
0 499
0 250
