75 156
119 143
164 137
209 137
254 143
299 156
43 300
322 300
83 385
104 419
125 446
145 465
166 476
187 480
208 476
229 465
250 446
271 419
292 385
101 249
116 241
132 237
147 237
162 241
178 249
101 269
116 261
132 257
147 257
162 261
178 269
101 279
116 289
132 293
147 293
162 289
178 279
227 249
241 241
254 237
268 237
282 241
296 249
227 269
241 261
254 257
268 257
282 261
296 269
227 279
241 289
254 293
268 293
282 289
296 279
144 354
155 340
166 328
177 320
188 316
199 314
210 316
221 320
232 328
243 340
254 354
199 264
199 278
199 292
199 306
199 320
199 334
137 391
160 375
184 367
207 367
231 375
255 391
137 396
160 396
184 396
207 396
231 396
255 396
137 406
160 419
184 425
207 425
231 419
255 406
0 0
183 0
366 0
366 250
366 499
183 499
0 499
0 250
