0 19 20
3 24 37
0 90 97
0 1 20
2 3 91
1 2 22
1 21 22
2 3 23
3 4 38
4 91 92
6 19 25
4 5 40
5 42 93
0 19 97
8 9 96
80 81 86
7 18 94
6 8 96
20 26 27
9 10 96
55 72 73
10 11 96
73 79 80
11 95 96
13 14 86
11 12 95
10 84 85
12 13 95
11 12 86
13 14 95
14 15 95
33 34 56
15 94 95
15 16 94
27 28 33
17 18 94
16 17 94
8 32 55
7 18 65
1 20 21
19 20 26
26 27 32
20 21 27
2 22 23
60 61 70
21 22 27
3 23 24
22 23 28
30 36 67
23 24 29
24 30 66
27 32 33
6 31 32
22 27 28
25 26 31
23 28 29
28 29 34
46 51 52
29 30 36
24 29 30
6 8 32
6 25 31
28 33 34
32 33 55
29 34 35
55 56 73
29 35 36
35 57 58
34 35 57
61 62 71
35 36 59
44 45 50
24 37 66
4 38 39
37 38 44
4 39 40
38 44 45
38 39 45
39 40 45
40 41 46
5 40 41
7 48 93
41 42 47
5 41 42
37 43 66
43 66 67
40 45 46
43 44 49
41 46 47
45 46 51
45 50 51
46 47 52
47 48 54
42 47 48
43 49 67
71 74 75
60 61 69
49 50 62
59 60 70
50 51 63
52 64 65
51 52 64
47 53 54
52 53 65
7 53 54
7 48 54
34 56 57
9 72 78
8 9 72
58 59 71
35 58 59
56 57 74
36 67 68
57 58 71
36 59 68
49 61 68
49 67 68
49 61 62
62 63 71
50 62 63
74 75 80
14 15 87
63 64 75
65 76 77
64 65 76
30 66 67
59 68 69
59 60 69
61 68 69
59 70 71
8 55 72
72 78 79
9 78 84
73 74 80
72 73 79
64 75 76
57 71 74
76 81 82
16 17 89
75 76 81
17 18 83
76 77 82
18 65 77
9 10 84
78 79 84
11 85 86
79 80 85
14 86 87
81 86 87
81 82 88
82 88 89
82 83 89
77 82 83
79 84 85
15 16 88
15 87 88
16 88 89
17 83 89
1 2 91
1 90 91
4 5 92
5 92 93
7 93 94
6 96 97
6 19 97
3 37 38
0 1 90
3 4 91
80 85 86
42 48 93
10 11 85
12 13 86
33 55 56
19 25 26
26 31 32
56 73 74
61 70 71
37 43 44
44 49 50
63 71 75
47 52 53
51 63 64
7 53 65
75 80 81
18 77 83
81 87 88
